3.782374502471225197e-02 9.390183645488615546e-03 -2.792886566474241800e-02 -4.925403669916014748e-02 -5.280823187156310355e-02
3.426954985230930978e-02 5.046957144812272119e-04 -2.792886566474241800e-02 -4.925403669916014748e-02 -5.280823187156310355e-02
3.071535467990635024e-02 4.058890886884185777e-03 -2.970596325094389256e-02 -4.925403669916014748e-02 -5.280823187156310355e-02
2.893825709370486526e-02 2.281793300682706440e-03 -2.615176807854093996e-02 -4.925403669916014748e-02 -5.280823187156310355e-02
3.604664743851078434e-02 1.116728123169009532e-02 -2.792886566474241800e-02 -4.925403669916014748e-02 -5.280823187156310355e-02
4.315503778331669649e-02 1.649857399029452595e-02 -2.259757290613798389e-02 -4.569984152675719835e-02 -5.280823187156310355e-02
2.893825709370486526e-02 7.613086059287136644e-03 -2.792886566474241800e-02 -4.747693911295867292e-02 -5.280823187156310355e-02
3.604664743851078434e-02 7.613086059287136644e-03 -2.615176807854093996e-02 -4.925403669916014748e-02 -5.280823187156310355e-02
2.538406192130192307e-02 -1.272401871720252016e-03 -2.792886566474241800e-02 -4.925403669916014748e-02 -5.280823187156310355e-02
3.426954985230930978e-02 2.281793300682706440e-03 -2.615176807854093996e-02 -5.103113428536162205e-02 -5.280823187156310355e-02
4.315503778331669649e-02 1.294437881789157509e-02 -2.615176807854093996e-02 -4.925403669916014748e-02 -5.280823187156310355e-02
3.249245226610782133e-02 7.613086059287136644e-03 -2.437467049233945846e-02 -4.925403669916014748e-02 -5.280823187156310355e-02
3.249245226610782133e-02 5.046957144812272119e-04 -2.792886566474241800e-02 -5.103113428536162205e-02 -5.280823187156310355e-02
2.360696433510043463e-02 5.046957144812272119e-04 -3.326015842334684863e-02 -5.103113428536162205e-02 -5.280823187156310355e-02
5.026342812812260169e-02 1.827567157649600399e-02 -3.148306083714537407e-02 -4.925403669916014748e-02 -5.280823187156310355e-02
4.848633054192112712e-02 2.538406192130192307e-02 -2.615176807854093996e-02 -4.569984152675719835e-02 -5.280823187156310355e-02
4.315503778331669649e-02 1.649857399029452595e-02 -2.970596325094389256e-02 -4.569984152675719835e-02 -5.280823187156310355e-02
3.782374502471225197e-02 9.390183645488615546e-03 -2.792886566474241800e-02 -4.747693911295867292e-02 -5.280823187156310355e-02
4.848633054192112712e-02 1.472147640409304618e-02 -2.259757290613798389e-02 -4.747693911295867292e-02 -5.280823187156310355e-02
3.782374502471225197e-02 1.472147640409304618e-02 -2.615176807854093996e-02 -4.747693911295867292e-02 -5.280823187156310355e-02
4.315503778331669649e-02 7.613086059287136644e-03 -2.259757290613798389e-02 -4.925403669916014748e-02 -5.280823187156310355e-02
3.782374502471225197e-02 1.294437881789157509e-02 -2.615176807854093996e-02 -4.569984152675719835e-02 -5.280823187156310355e-02
2.893825709370486526e-02 1.116728123169009532e-02 -3.503725600954833014e-02 -4.925403669916014748e-02 -5.280823187156310355e-02
3.782374502471225197e-02 5.835988473085656873e-03 -2.259757290613798389e-02 -4.392274394055571685e-02 -5.280823187156310355e-02
3.249245226610782133e-02 7.613086059287136644e-03 -1.904337773373502782e-02 -4.925403669916014748e-02 -5.280823187156310355e-02
3.604664743851078434e-02 5.046957144812272119e-04 -2.437467049233945846e-02 -4.925403669916014748e-02 -5.280823187156310355e-02
3.604664743851078434e-02 7.613086059287136644e-03 -2.437467049233945846e-02 -4.569984152675719835e-02 -5.280823187156310355e-02
3.960084261091374042e-02 9.390183645488615546e-03 -2.615176807854093996e-02 -4.925403669916014748e-02 -5.280823187156310355e-02
3.960084261091374042e-02 7.613086059287136644e-03 -2.792886566474241800e-02 -4.925403669916014748e-02 -5.280823187156310355e-02
3.071535467990635024e-02 4.058890886884185777e-03 -2.437467049233945846e-02 -4.925403669916014748e-02 -5.280823187156310355e-02
3.249245226610782133e-02 2.281793300682706440e-03 -2.437467049233945846e-02 -4.925403669916014748e-02 -5.280823187156310355e-02
4.315503778331669649e-02 7.613086059287136644e-03 -2.615176807854093996e-02 -4.569984152675719835e-02 -5.280823187156310355e-02
3.960084261091374042e-02 2.005276916269747509e-02 -2.615176807854093996e-02 -5.103113428536162205e-02 -5.280823187156310355e-02
4.493213536951817105e-02 2.182986674889896353e-02 -2.792886566474241800e-02 -4.925403669916014748e-02 -5.280823187156310355e-02
3.426954985230930978e-02 2.281793300682706440e-03 -2.615176807854093996e-02 -4.925403669916014748e-02 -5.280823187156310355e-02
3.604664743851078434e-02 4.058890886884185777e-03 -3.148306083714537407e-02 -4.925403669916014748e-02 -5.280823187156310355e-02
4.493213536951817105e-02 9.390183645488615546e-03 -2.970596325094389256e-02 -4.925403669916014748e-02 -5.280823187156310355e-02
3.426954985230930978e-02 1.116728123169009532e-02 -2.792886566474241800e-02 -5.103113428536162205e-02 -5.280823187156310355e-02
2.538406192130192307e-02 5.046957144812272119e-04 -2.970596325094389256e-02 -4.925403669916014748e-02 -5.280823187156310355e-02
3.782374502471225197e-02 7.613086059287136644e-03 -2.615176807854093996e-02 -4.925403669916014748e-02 -5.280823187156310355e-02
3.604664743851078434e-02 9.390183645488615546e-03 -2.970596325094389256e-02 -4.747693911295867292e-02 -5.280823187156310355e-02
2.716115950750339417e-02 -1.193498738892911915e-02 -2.970596325094389256e-02 -4.747693911295867292e-02 -5.280823187156310355e-02
2.538406192130192307e-02 4.058890886884185777e-03 -2.970596325094389256e-02 -4.925403669916014748e-02 -5.280823187156310355e-02
3.604664743851078434e-02 9.390183645488615546e-03 -2.437467049233945846e-02 -4.214564635435423534e-02 -5.280823187156310355e-02
3.782374502471225197e-02 1.472147640409304618e-02 -1.904337773373502782e-02 -4.569984152675719835e-02 -5.280823187156310355e-02
3.249245226610782133e-02 5.046957144812272119e-04 -2.792886566474241800e-02 -4.747693911295867292e-02 -5.280823187156310355e-02
3.782374502471225197e-02 1.472147640409304618e-02 -2.437467049233945846e-02 -4.925403669916014748e-02 -5.280823187156310355e-02
2.893825709370486526e-02 4.058890886884185777e-03 -2.792886566474241800e-02 -4.925403669916014748e-02 -5.280823187156310355e-02
4.137794019711521498e-02 1.294437881789157509e-02 -2.615176807854093996e-02 -4.925403669916014748e-02 -5.280823187156310355e-02
3.604664743851078434e-02 5.835988473085656873e-03 -2.792886566474241800e-02 -4.925403669916014748e-02 -5.280823187156310355e-02
7.158859916254033118e-02 4.058890886884185777e-03 3.071535467990635024e-02 -2.792886566474241800e-02 -3.503725600954833014e-02
6.092601364533147684e-02 4.058890886884185777e-03 2.716115950750339417e-02 -2.615176807854093996e-02 -3.503725600954833014e-02
6.981150157633886355e-02 2.281793300682706440e-03 3.426954985230930978e-02 -2.615176807854093996e-02 -3.503725600954833014e-02
4.493213536951817105e-02 -1.193498738892911915e-02 1.827567157649600399e-02 -2.970596325094389256e-02 -3.503725600954833014e-02
6.270311123153295141e-02 -3.049499457921731570e-03 2.893825709370486526e-02 -2.615176807854093996e-02 -3.503725600954833014e-02
4.848633054192112712e-02 -3.049499457921731570e-03 2.716115950750339417e-02 -2.970596325094389256e-02 -3.503725600954833014e-02
5.914891605912998840e-02 5.835988473085656873e-03 3.071535467990635024e-02 -2.437467049233945846e-02 -3.503725600954833014e-02
3.426954985230930978e-02 -1.015788980272764111e-02 5.835988473085656873e-03 -3.503725600954833014e-02 -3.503725600954833014e-02
6.448020881773441904e-02 -1.272401871720252016e-03 2.893825709370486526e-02 -2.970596325094389256e-02 -3.503725600954833014e-02
3.960084261091374042e-02 -4.826597044123202666e-03 1.649857399029452595e-02 -2.792886566474241800e-02 -3.503725600954833014e-02
3.604664743851078434e-02 -1.726628014753354978e-02 9.390183645488615546e-03 -3.503725600954833014e-02 -3.503725600954833014e-02
5.204052571432409013e-02 5.046957144812272119e-04 2.182986674889896353e-02 -2.615176807854093996e-02 -3.503725600954833014e-02
5.381762330052555776e-02 -1.371208497513059198e-02 1.827567157649600399e-02 -3.503725600954833014e-02 -3.503725600954833014e-02
5.559472088672703233e-02 -1.272401871720252016e-03 3.071535467990635024e-02 -2.792886566474241800e-02 -3.503725600954833014e-02
4.670923295571963868e-02 -1.272401871720252016e-03 1.116728123169009532e-02 -2.970596325094389256e-02 -3.503725600954833014e-02
6.625730640393590054e-02 2.281793300682706440e-03 2.538406192130192307e-02 -2.792886566474241800e-02 -3.503725600954833014e-02
4.670923295571963868e-02 5.046957144812272119e-04 2.716115950750339417e-02 -2.615176807854093996e-02 -3.503725600954833014e-02
5.026342812812260169e-02 -4.826597044123202666e-03 2.005276916269747509e-02 -3.503725600954833014e-02 -3.503725600954833014e-02
5.737181847292852077e-02 -1.371208497513059198e-02 2.716115950750339417e-02 -2.615176807854093996e-02 -3.503725600954833014e-02
4.670923295571963868e-02 -8.380792216526161340e-03 1.649857399029452595e-02 -3.326015842334684863e-02 -3.503725600954833014e-02
5.204052571432409013e-02 4.058890886884185777e-03 3.249245226610782133e-02 -2.082047531993650585e-02 -3.503725600954833014e-02
5.559472088672703233e-02 -3.049499457921731570e-03 1.827567157649600399e-02 -2.970596325094389256e-02 -3.503725600954833014e-02
5.914891605912998840e-02 -8.380792216526161340e-03 3.426954985230930978e-02 -2.615176807854093996e-02 -3.503725600954833014e-02
5.559472088672703233e-02 -3.049499457921731570e-03 3.071535467990635024e-02 -3.148306083714537407e-02 -3.503725600954833014e-02
6.092601364533147684e-02 -1.272401871720252016e-03 2.360696433510043463e-02 -2.970596325094389256e-02 -3.503725600954833014e-02
6.448020881773441904e-02 5.046957144812272119e-04 2.538406192130192307e-02 -2.792886566474241800e-02 -3.503725600954833014e-02
6.803440399013738205e-02 -3.049499457921731570e-03 3.249245226610782133e-02 -2.792886566474241800e-02 -3.503725600954833014e-02
6.625730640393590054e-02 5.046957144812272119e-04 3.604664743851078434e-02 -2.259757290613798389e-02 -3.503725600954833014e-02
5.381762330052555776e-02 -1.272401871720252016e-03 2.716115950750339417e-02 -2.615176807854093996e-02 -3.503725600954833014e-02
4.848633054192112712e-02 -6.603694630324682437e-03 9.390183645488615546e-03 -3.503725600954833014e-02 -3.503725600954833014e-02
4.493213536951817105e-02 -1.015788980272764111e-02 1.472147640409304618e-02 -3.326015842334684863e-02 -3.503725600954833014e-02
4.493213536951817105e-02 -1.015788980272764111e-02 1.294437881789157509e-02 -3.503725600954833014e-02 -3.503725600954833014e-02
5.026342812812260169e-02 -4.826597044123202666e-03 1.649857399029452595e-02 -3.148306083714537407e-02 -3.503725600954833014e-02
5.381762330052555776e-02 -4.826597044123202666e-03 3.782374502471225197e-02 -2.437467049233945846e-02 -3.503725600954833014e-02
4.315503778331669649e-02 5.046957144812272119e-04 2.716115950750339417e-02 -2.615176807854093996e-02 -3.503725600954833014e-02
5.381762330052555776e-02 7.613086059287136644e-03 2.716115950750339417e-02 -2.437467049233945846e-02 -3.503725600954833014e-02
6.625730640393590054e-02 2.281793300682706440e-03 3.071535467990635024e-02 -2.615176807854093996e-02 -3.503725600954833014e-02
5.914891605912998840e-02 -1.193498738892911915e-02 2.538406192130192307e-02 -2.970596325094389256e-02 -3.503725600954833014e-02
4.670923295571963868e-02 5.046957144812272119e-04 2.005276916269747509e-02 -2.970596325094389256e-02 -3.503725600954833014e-02
4.493213536951817105e-02 -8.380792216526161340e-03 1.827567157649600399e-02 -2.970596325094389256e-02 -3.503725600954833014e-02
4.493213536951817105e-02 -6.603694630324682437e-03 2.538406192130192307e-02 -3.148306083714537407e-02 -3.503725600954833014e-02
5.559472088672703233e-02 5.046957144812272119e-04 2.893825709370486526e-02 -2.792886566474241800e-02 -3.503725600954833014e-02
5.026342812812260169e-02 -6.603694630324682437e-03 1.827567157649600399e-02 -3.148306083714537407e-02 -3.503725600954833014e-02
3.604664743851078434e-02 -1.193498738892911915e-02 5.835988473085656873e-03 -3.503725600954833014e-02 -3.503725600954833014e-02
4.670923295571963868e-02 -4.826597044123202666e-03 2.182986674889896353e-02 -2.970596325094389256e-02 -3.503725600954833014e-02
4.848633054192112712e-02 5.046957144812272119e-04 2.182986674889896353e-02 -3.148306083714537407e-02 -3.503725600954833014e-02
4.848633054192112712e-02 -1.272401871720252016e-03 2.182986674889896353e-02 -2.970596325094389256e-02 -3.503725600954833014e-02
5.737181847292852077e-02 -1.272401871720252016e-03 2.360696433510043463e-02 -2.970596325094389256e-02 -3.503725600954833014e-02
3.782374502471225197e-02 -8.380792216526161340e-03 5.046957144812272119e-04 -3.326015842334684863e-02 -3.503725600954833014e-02
4.848633054192112712e-02 -3.049499457921731570e-03 2.005276916269747509e-02 -2.970596325094389256e-02 -3.503725600954833014e-02
5.914891605912998840e-02 5.835988473085656873e-03 5.381762330052555776e-02 -8.380792216526161340e-03 -1.726628014753354978e-02
5.026342812812260169e-02 -4.826597044123202666e-03 3.782374502471225197e-02 -1.904337773373502782e-02 -1.726628014753354978e-02
7.336569674874181268e-02 5.046957144812272119e-04 5.204052571432409013e-02 -1.548918256133207001e-02 -1.726628014753354978e-02
5.914891605912998840e-02 -1.272401871720252016e-03 4.670923295571963868e-02 -2.082047531993650585e-02 -1.726628014753354978e-02
6.270311123153295141e-02 5.046957144812272119e-04 5.026342812812260169e-02 -1.371208497513059198e-02 -1.726628014753354978e-02
8.225118467974919245e-02 5.046957144812272119e-04 6.448020881773441904e-02 -1.548918256133207001e-02 -1.726628014753354978e-02
3.426954985230930978e-02 -8.380792216526161340e-03 2.716115950750339417e-02 -2.259757290613798389e-02 -1.726628014753354978e-02
7.691989192114476181e-02 -1.272401871720252016e-03 5.914891605912998840e-02 -2.082047531993650585e-02 -1.726628014753354978e-02
6.625730640393590054e-02 -8.380792216526161340e-03 5.026342812812260169e-02 -2.082047531993650585e-02 -1.726628014753354978e-02
7.514279433494329419e-02 1.116728123169009532e-02 5.559472088672703233e-02 -8.380792216526161340e-03 -1.726628014753354978e-02
6.270311123153295141e-02 4.058890886884185777e-03 3.782374502471225197e-02 -1.726628014753354978e-02 -1.726628014753354978e-02
6.092601364533147684e-02 -4.826597044123202666e-03 4.137794019711521498e-02 -1.904337773373502782e-02 -1.726628014753354978e-02
6.803440399013738205e-02 5.046957144812272119e-04 4.493213536951817105e-02 -1.548918256133207001e-02 -1.726628014753354978e-02
4.848633054192112712e-02 -8.380792216526161340e-03 3.604664743851078434e-02 -1.726628014753354978e-02 -1.726628014753354978e-02
5.026342812812260169e-02 -3.049499457921731570e-03 3.782374502471225197e-02 -1.015788980272764111e-02 -1.726628014753354978e-02
6.092601364533147684e-02 4.058890886884185777e-03 4.137794019711521498e-02 -1.193498738892911915e-02 -1.726628014753354978e-02
6.270311123153295141e-02 5.046957144812272119e-04 4.493213536951817105e-02 -2.082047531993650585e-02 -1.726628014753354978e-02
8.402828226595068783e-02 1.472147640409304618e-02 6.625730640393590054e-02 -1.371208497513059198e-02 -1.726628014753354978e-02
8.402828226595068783e-02 -6.603694630324682437e-03 6.981150157633886355e-02 -1.193498738892911915e-02 -1.726628014753354978e-02
5.381762330052555776e-02 -1.371208497513059198e-02 3.604664743851078434e-02 -2.615176807854093996e-02 -1.726628014753354978e-02
6.981150157633886355e-02 4.058890886884185777e-03 4.848633054192112712e-02 -1.193498738892911915e-02 -1.726628014753354978e-02
4.670923295571963868e-02 -3.049499457921731570e-03 3.426954985230930978e-02 -1.726628014753354978e-02 -1.726628014753354978e-02
8.402828226595068783e-02 -3.049499457921731570e-03 6.625730640393590054e-02 -1.726628014753354978e-02 -1.726628014753354978e-02
5.914891605912998840e-02 -4.826597044123202666e-03 3.426954985230930978e-02 -2.082047531993650585e-02 -1.726628014753354978e-02
6.625730640393590054e-02 5.835988473085656873e-03 4.848633054192112712e-02 -1.548918256133207001e-02 -1.726628014753354978e-02
7.514279433494329419e-02 4.058890886884185777e-03 5.381762330052555776e-02 -2.082047531993650585e-02 -1.726628014753354978e-02
5.737181847292852077e-02 -3.049499457921731570e-03 3.249245226610782133e-02 -2.082047531993650585e-02 -1.726628014753354978e-02
5.559472088672703233e-02 5.046957144812272119e-04 3.426954985230930978e-02 -2.082047531993650585e-02 -1.726628014753354978e-02
6.092601364533147684e-02 -3.049499457921731570e-03 4.670923295571963868e-02 -1.548918256133207001e-02 -1.726628014753354978e-02
7.514279433494329419e-02 5.046957144812272119e-04 5.026342812812260169e-02 -2.437467049233945846e-02 -1.726628014753354978e-02
7.869698950734625720e-02 -3.049499457921731570e-03 5.559472088672703233e-02 -1.904337773373502782e-02 -1.726628014753354978e-02
8.758247743835363697e-02 1.472147640409304618e-02 6.092601364533147684e-02 -1.726628014753354978e-02 -1.726628014753354978e-02
6.092601364533147684e-02 -3.049499457921731570e-03 4.670923295571963868e-02 -1.371208497513059198e-02 -1.726628014753354978e-02
5.914891605912998840e-02 -3.049499457921731570e-03 3.782374502471225197e-02 -2.615176807854093996e-02 -1.726628014753354978e-02
5.559472088672703233e-02 -6.603694630324682437e-03 4.670923295571963868e-02 -2.792886566474241800e-02 -1.726628014753354978e-02
8.402828226595068783e-02 5.046957144812272119e-04 5.559472088672703233e-02 -1.193498738892911915e-02 -1.726628014753354978e-02
5.914891605912998840e-02 7.613086059287136644e-03 4.670923295571963868e-02 -1.015788980272764111e-02 -1.726628014753354978e-02
6.092601364533147684e-02 2.281793300682706440e-03 4.493213536951817105e-02 -2.082047531993650585e-02 -1.726628014753354978e-02
5.381762330052555776e-02 5.046957144812272119e-04 3.249245226610782133e-02 -2.082047531993650585e-02 -1.726628014753354978e-02
6.981150157633886355e-02 2.281793300682706440e-03 4.315503778331669649e-02 -1.548918256133207001e-02 -1.726628014753354978e-02
6.625730640393590054e-02 2.281793300682706440e-03 4.670923295571963868e-02 -1.015788980272764111e-02 -1.726628014753354978e-02
6.981150157633886355e-02 2.281793300682706440e-03 3.782374502471225197e-02 -1.193498738892911915e-02 -1.726628014753354978e-02
5.026342812812260169e-02 -4.826597044123202666e-03 3.782374502471225197e-02 -1.904337773373502782e-02 -1.726628014753354978e-02
6.803440399013738205e-02 4.058890886884185777e-03 5.204052571432409013e-02 -1.193498738892911915e-02 -1.726628014753354978e-02
6.625730640393590054e-02 5.835988473085656873e-03 4.848633054192112712e-02 -8.380792216526161340e-03 -1.726628014753354978e-02
6.625730640393590054e-02 5.046957144812272119e-04 3.960084261091374042e-02 -1.193498738892911915e-02 -1.726628014753354978e-02
5.914891605912998840e-02 -8.380792216526161340e-03 3.604664743851078434e-02 -1.904337773373502782e-02 -1.726628014753354978e-02
6.270311123153295141e-02 5.046957144812272119e-04 3.960084261091374042e-02 -1.726628014753354978e-02 -1.726628014753354978e-02
5.737181847292852077e-02 7.613086059287136644e-03 4.315503778331669649e-02 -1.193498738892911915e-02 -1.726628014753354978e-02
5.204052571432409013e-02 5.046957144812272119e-04 3.782374502471225197e-02 -2.082047531993650585e-02 -1.726628014753354978e-02
