-3.700898062915449968e-03 -4.659959781629368844e-03 -4.659634216085239283e-03 -4.476263872853280396e-03 -3.044411617484703465e-03 -4.617501379726116420e-03 -4.488264979385766552e-03 -4.595211121482226276e-03 -3.515900173108479562e-03 -4.650800861865110603e-03
2.898469141789616812e-03 -4.660208895106559071e-03 -4.660623797898084432e-03 -1.523751981050871888e-03 4.856368990113715117e-02 -4.577135570523496906e-03 -4.185149663720236744e-03 -1.549269220990348453e-03 1.234472781648437295e-03 -4.640957309544388627e-03
-2.189912781684643685e-03 -4.660323143701526442e-03 -4.660506972267518255e-03 -4.398611842088766960e-03 -5.545407777526920696e-04 -4.583519181898578973e-03 -4.496595991998411299e-03 -4.456318243978220350e-03 -1.983004193744267174e-03 -4.645879085704749181e-03
3.214197442391660432e-03 -4.660290501245681338e-03 -4.660970838742319912e-03 -2.510105805368598089e-03 5.762611680492249477e-02 -4.518093382915155248e-03 -4.150095263788573796e-03 -2.533798517637701232e-03 2.600804028115496439e-03 -4.636035533384027206e-03
-3.169346237596469378e-03 -4.660332592833533669e-03 -4.660448559452234733e-03 -4.549570297881763703e-03 -4.156160836970697499e-03 -4.638290374142658469e-03 -4.553197901073947375e-03 -4.632489390565181810e-03 -3.077570678002050295e-03 -4.645879085704749181e-03
-3.061067162068528951e-03 -4.659538865754285497e-03 -4.659232198473678595e-03 -3.532495242165061954e-03 2.341972305089932982e-02 -4.538138200830954018e-03 -4.485415822525614868e-03 -3.542097970269416588e-03 -2.383323785331243738e-03 -4.660644414185831710e-03
-1.464593595050992132e-03 -4.660115262799830772e-03 -4.660551640890970258e-03 -3.641287028755417748e-03 1.179990460787559529e-02 -4.581167737093811906e-03 -4.411861080916531716e-03 -3.672111999492854838e-03 -1.589904886654267425e-03 -4.640957309544388627e-03
4.198552674463847112e-03 -4.660304245437511990e-03 -4.659871303394330817e-03 -2.762981244044312393e-03 6.341600940003676301e-02 -4.484080913828356399e-03 -3.885120108549686754e-03 -2.928683798891028919e-03 4.311912815331340847e-03 -4.636035533384027206e-03
3.824940126630976735e-03 -4.660384992564768278e-03 -4.660747495624568103e-03 -2.671625676305305550e-03 1.037029701874504599e-02 -4.623450732797395116e-03 -4.309093807403653435e-03 -2.695899700306296325e-03 2.669783600501714552e-03 -4.640957309544388627e-03
-3.134893804473942898e-03 -4.659784543183518278e-03 -4.659830070818836260e-03 -4.175800434496527644e-03 8.830101756607878702e-03 -4.523696373846272309e-03 -4.417863720006410568e-03 -4.240964512571421784e-03 -2.746182710088663874e-03 -4.650800861865110603e-03
-3.051223609747806976e-03 -4.659950332497361618e-03 -4.660228652382439503e-03 -4.285541736722187078e-03 3.532508768469850430e-03 -4.553140873328176928e-03 -4.447916925163839311e-03 -4.351696143520465861e-03 -2.794002538306651715e-03 -4.650800861865110603e-03
-2.199756334005365660e-03 -4.659696064948480251e-03 -4.659685756804607046e-03 -3.948519620729228595e-03 1.037544555729376719e-02 -4.556724048195738910e-03 -4.185381122981242548e-03 -4.130317604291194010e-03 -1.988626464547836245e-03 -4.660644414185831710e-03
1.593292742953225259e-03 -4.660256140766102541e-03 -4.660321425677301822e-03 -1.927324614109552064e-03 1.312157699290530770e-02 -4.628624701967157598e-03 -4.322116432396536090e-03 -1.948369364858616119e-03 -2.547322099325860989e-04 -4.640957309544388627e-03
4.444641482481893023e-03 -4.660283629149765579e-03 -4.659534570693969410e-03 -3.060124433918887370e-03 3.788803290839660998e-02 -4.529802520124273819e-03 -3.633272981636586144e-03 -3.433382370010937702e-03 4.730976828818918463e-03 -4.636035533384027206e-03
-3.951908647093857301e-03 -4.660050836900497470e-03 -4.660417635020121588e-03 -4.563942982721372679e-03 -4.314022230963130387e-03 -4.643002516106173663e-03 -4.571407622356308403e-03 -4.623389063416565720e-03 -3.871320614811528654e-03 -4.655722638025471156e-03
-3.379616716124684943e-03 -4.660255281754236562e-03 -4.660482919931812663e-03 -4.371157296550041114e-03 -3.296037508996240480e-03 -4.637443762671096190e-03 -4.572698822574637785e-03 -4.384839476881068239e-03 -3.436975630911474205e-03 -4.650800861865110603e-03
6.905529562662359941e-03 -4.660243255586137869e-03 -4.659307791528751082e-03 -2.124504950097896774e-03 1.319611694668993418e-01 -4.395508369395141439e-03 -3.235450311603279162e-03 -2.562830052500399743e-03 7.435490353091401931e-03 -4.636035533384027206e-03
-3.794411809962307865e-03 -4.660202023010643312e-03 -4.660266448909976614e-03 -4.559312307059967123e-03 -4.268352155621284519e-03 -4.641590486059166132e-03 -4.570937700727098485e-03 -4.613517975048715518e-03 -3.715698441767873936e-03 -4.645879085704749181e-03
-3.184111566077552340e-03 -4.659708950128445791e-03 -4.659823198722920501e-03 -4.182699937380857623e-03 1.029939594497558501e-02 -4.506588925376730712e-03 -4.407891652221518700e-03 -4.255000521479418776e-03 -2.755532021685187707e-03 -4.660644414185831710e-03
-1.254912966264514537e-03 -4.660516421399032820e-03 -4.660218344238566297e-03 -3.722176417662323780e-03 -3.163092047391298945e-03 -4.652790531512225256e-03 -4.542641299147272098e-03 -3.729624841735933085e-03 -1.735555936598254202e-03 -4.640957309544388627e-03
-3.563088330425344050e-03 -4.660033656660708505e-03 -4.660252704718145095e-03 -4.497751661695299601e-03 -3.690992788917565968e-03 -4.631346559124045401e-03 -4.510752341175362952e-03 -4.596875964426007204e-03 -3.417977891916029309e-03 -4.645879085704749181e-03
-3.307188474185387538e-03 -4.659920267078098907e-03 -4.659967512737150583e-03 -4.333553294456568040e-03 1.331202914171510923e-03 -4.570484426468785291e-03 -4.459591442652109140e-03 -4.402639948040190480e-03 -3.048474115091712438e-03 -4.650800861865110603e-03
-2.913413877257701057e-03 -4.660329156785576223e-03 -4.660228652382439503e-03 -4.219857703795933460e-03 4.277547624807527689e-04 -4.603827905947720060e-03 -4.524987160824892746e-03 -4.234533959749812136e-03 -2.829547025097618827e-03 -4.655722638025471156e-03
-3.334245690412940364e-03 -4.659623048929007437e-03 -4.660455431548150493e-03 -4.264879050632763673e-03 5.003781084266948134e-03 -4.540456688320073687e-03 -4.440443389506594160e-03 -4.331681216788623064e-03 -3.040933912806468870e-03 -4.660644414185831710e-03
2.705955416940649880e-03 -4.660133302051485717e-03 -4.660238960526313576e-03 -1.509349505463532031e-03 4.983325039393690647e-02 -4.575534400645152495e-03 -4.127680439544044282e-03 -1.554745351810083408e-03 1.138557835224466306e-03 -4.640957309544388627e-03
-3.454809254897403623e-03 -4.659714104200136063e-03 -4.660242396574271022e-03 -4.351050149396296085e-03 1.422589001435979952e-03 -4.563936184712461680e-03 -4.453181628271317416e-03 -4.430844935925460151e-03 -3.221634013944828928e-03 -4.655722638025471156e-03
-2.501066696693765318e-03 -4.659598996593301845e-03 -4.660345478013006547e-03 -4.065593819212718653e-03 1.935514058571482371e-02 -4.462005308396370731e-03 -4.263005364493917086e-03 -4.217961230415710056e-03 -2.074644048522878044e-03 -4.660644414185831710e-03
-3.303821991595648228e-03 -4.659886765610387824e-03 -4.659720117284185843e-03 -4.210164610740406779e-03 3.983150340467262428e-03 -4.566205501202263983e-03 -4.467193099496926702e-03 -4.253816882919329335e-03 -3.028641015985145384e-03 -4.660644414185831710e-03
-2.924948321635293183e-03 -4.660043964804582578e-03 -4.660197727950819019e-03 -4.323365693518895977e-03 5.867458571086893145e-04 -4.584071304888308503e-03 -4.445602539080371375e-03 -4.400809987660136285e-03 -2.776917340916434246e-03 -4.655722638025471156e-03
-2.347409618816193554e-03 -4.659595560545344399e-03 -4.659534570693969410e-03 -3.752133474286954273e-03 3.562586941842559030e-02 -4.442395855299567306e-03 -4.244840543830309502e-03 -3.852870153492398905e-03 -1.691259510540869858e-03 -4.660644414185831710e-03
-2.790369473248677668e-03 -4.659458977638896923e-03 -4.659235634521636041e-03 -3.983210597868780574e-03 2.192763291570462569e-02 -4.467471964928900439e-03 -4.223795211913487432e-03 -4.142880609864555384e-03 -2.230754598162760366e-03 -4.660644414185831710e-03
5.182907906536033359e-03 -4.660117839835922239e-03 -4.660125570943703978e-03 -2.100224981247870212e-03 1.926431294021488938e-01 -4.281376471666074185e-03 -3.656157408334126651e-03 -2.305489752907449036e-03 5.619217802378226496e-03 -4.636035533384027206e-03
-2.077725461728145186e-03 -4.659721835307917802e-03 -4.660486355979770977e-03 -3.534540907099735247e-03 2.902201544161297012e-02 -4.513430138364184392e-03 -4.364329472242222015e-03 -3.574225266434101229e-03 -1.920059993600295792e-03 -4.660644414185831710e-03
2.159287177536898996e-03 -4.660189996843037280e-03 -4.660204600046734778e-03 -3.664082962070662215e-03 3.857730057075484109e-02 -4.447102653767485113e-03 -3.956376666974375199e-03 -3.955561687703071372e-03 2.843140819879500306e-03 -4.640957309544388627e-03
8.135973602752592099e-03 -4.659657409408585367e-03 -4.659620471893407764e-03 5.733762514899943099e-04 8.540932038836890339e-01 -3.853121003763007851e-03 -2.599959309449302765e-03 1.506495224171295895e-04 8.453839739060334951e-03 -4.636035533384027206e-03
-3.691054510594728427e-03 -4.659991565072856175e-03 -4.660280193101807265e-03 -4.495958570099788110e-03 -2.644452880116248371e-03 -4.600388819771044843e-03 -4.527791858280882757e-03 -4.563322131825890346e-03 -3.519856493947608970e-03 -4.645879085704749181e-03
-2.642716188437849775e-03 -4.659080153351174113e-03 -4.659180657754310832e-03 -3.401579364348651137e-03 4.762115471475848738e-02 -4.456271087639562638e-03 -4.328310295737697495e-03 -3.446231457684260837e-03 -2.157722613360392363e-03 -4.660644414185831710e-03
-1.979977621313220876e-03 -4.660330874809309049e-03 -4.660634106041958505e-03 -4.164588043566282843e-03 1.192775903751295457e-03 -4.602567900539767873e-03 -4.515884041572838445e-03 -4.185298534443786592e-03 -1.937139168674688198e-03 -4.650800861865110603e-03
4.444641482481893023e-03 -4.660254859724727132e-03 -4.660302497508083189e-03 -3.412376382912518918e-03 5.987960596396494500e-02 -4.406169687815935862e-03 -3.872838048051169355e-03 -3.692380939290189779e-03 4.774328455473452783e-03 -4.636035533384027206e-03
5.182907906536033359e-03 -4.660313694569519216e-03 -4.660032797648842526e-03 -3.035121302274033494e-03 7.104167549970934192e-02 -4.431432125104136158e-03 -3.827889816118201782e-03 -3.264633968099953792e-03 5.493340138048227565e-03 -4.636035533384027206e-03
4.690730290499939802e-03 -4.660376402444627031e-03 -4.660084338368209421e-03 -3.318879498806416584e-03 3.216208396725558222e-02 -4.525573639395065288e-03 -3.979671066450688431e-03 -3.504526597420265163e-03 4.811401883333825229e-03 -4.636035533384027206e-03
-3.784568257641585890e-03 -4.659803441447040069e-03 -4.659596419557702172e-03 -4.456183168184107979e-03 -2.251727728590931753e-03 -4.602657147907657058e-03 -4.484701768452575669e-03 -4.556487851287632958e-03 -3.598003734500086412e-03 -4.650800861865110603e-03
2.722019826355566875e-03 -4.660366094300753825e-03 -4.660397018732374309e-03 -2.814502894294036370e-03 1.876432550854660944e-02 -4.598193915521004912e-03 -4.274550878366412815e-03 -2.855327183788311778e-03 1.915628803785187663e-03 -4.640957309544388627e-03
-8.708767707079138583e-04 -4.660439528861673800e-03 -4.660632431875188879e-03 -3.799236704201418204e-03 -2.957260448096055670e-03 -4.650911886256194061e-03 -4.536505751223381816e-03 -3.808228532222879791e-03 -1.437873166860806308e-03 -4.640957309544388627e-03
-2.989659338322138080e-03 -4.660421071068079034e-03 -4.660496664123644182e-03 -4.224428331054627846e-03 -3.031140841366570474e-03 -4.642258911798331084e-03 -4.563067344238695353e-03 -4.229392577176196814e-03 -3.145755211292938520e-03 -4.650800861865110603e-03
6.659440754644313162e-03 -4.660422789092304521e-03 -4.659970948785108896e-03 -3.747920497187234596e-03 2.037294874301011707e-02 -4.525653164680069201e-03 -3.781163658635438435e-03 -4.416557340647487423e-03 7.548274898834088538e-03 -4.636035533384027206e-03
-3.811560275978880235e-03 -4.660018194444652366e-03 -4.660455431548150493e-03 -4.475862858337599504e-03 -3.714589716334738400e-03 -4.635445635893677314e-03 -4.565545458460133418e-03 -4.502213321514422426e-03 -3.799659555585155508e-03 -4.650800861865110603e-03
-3.177691605048174606e-03 -4.660104095643598059e-03 -4.660469175739981144e-03 -4.342617941816437344e-03 -2.052579989698211405e-05 -4.588833960776468428e-03 -4.517688092654667531e-03 -4.376559344413080872e-03 -3.008067218328812180e-03 -4.655722638025471156e-03
-3.420356821774877144e-03 -4.660122134895746532e-03 -4.660489792027728423e-03 -4.470938442615394678e-03 -2.230318482466273761e-03 -4.597591468969612974e-03 -4.534936614018409730e-03 -4.518567306572464706e-03 -3.279307087237560026e-03 -4.650800861865110603e-03
-3.036458281266724447e-03 -4.659527698598053651e-03 -4.659338715960371566e-03 -4.064350557596703613e-03 1.090811220858989294e-02 -4.532140767291591849e-03 -4.317511166636971154e-03 -4.172970400518933795e-03 -2.690822731192223788e-03 -4.660644414185831710e-03
2.533763573600829669e-03 -4.660443405380050932e-03 -4.660400454780332623e-03 -2.732065997679542380e-03 2.277334978290793122e-02 -4.590632234506161757e-03 -4.378963882047873582e-03 -2.752747461272280188e-03 2.371786114266719210e-03 -4.640957309544388627e-03
-2.874870139396415707e-03 -4.659656550396718520e-03 -4.659441797399107091e-03 -4.045852757352834048e-03 1.153427521046125268e-02 -4.530994363731135482e-03 -4.319125373436100666e-03 -4.149436495274604585e-03 -2.569891110811997961e-03 -4.660644414185831710e-03
-3.871573189449547311e-03 -4.659773376027286432e-03 -4.659840378962710333e-03 -4.477470060522974540e-03 -2.977980383681874330e-03 -4.615432322287260289e-03 -4.508614863340376817e-03 -4.558468782097726407e-03 -3.737483996215038191e-03 -4.655722638025471156e-03
9.120328834824779213e-03 -4.660235524478355262e-03 -4.659737297523974808e-03 -1.789972905394215030e-03 1.498272790473744731e-01 -4.395774338864523109e-03 -3.191085834646203469e-03 -2.194645097112385250e-03 9.595686198656402932e-03 -4.636035533384027206e-03
3.539766958217875452e-03 -4.660583424334457589e-03 -4.660356729116037558e-03 -4.301694109497261956e-03 2.240825965709639534e-03 -4.566014344386205501e-03 -4.405426858923591586e-03 -4.372249184995439901e-03 3.935619105124932640e-03 -4.636035533384027206e-03
-4.153701469668655624e-03 -4.659866149322640545e-03 -4.659208146137973003e-03 -4.543728550019061029e-03 -4.275473723860386682e-03 -4.644429985674927361e-03 -4.550772638719756576e-03 -4.620675526233368816e-03 -4.045527912073731795e-03 -4.645879085704749181e-03
5.675085522572126916e-03 -4.660045682828314537e-03 -4.658785512238665036e-03 -2.443129961438484862e-03 1.709070170094921237e-01 -4.270971765398881570e-03 -2.514259603020445669e-03 -4.103506390421152693e-03 7.454063960226260839e-03 -4.636035533384027206e-03
-3.912534437810970267e-03 -4.659828352795103434e-03 -4.659524262550096205e-03 -4.492223446789647863e-03 -4.196253532215270601e-03 -4.647073491234404545e-03 -4.506694810389102503e-03 -4.592342575129854457e-03 -3.771724620328909938e-03 -4.645879085704749181e-03
-2.837639566502549171e-03 -4.660129006991662291e-03 -4.660644414185831710e-03 -4.090096110569493328e-03 1.777631535243208265e-03 -4.605105290011944109e-03 -4.506262908309348336e-03 -4.105885914213370028e-03 -2.859384334980617434e-03 -4.650800861865110603e-03
7.151618370680406719e-03 -4.660230370406664123e-03 -4.659558623029674135e-03 -1.727059326974911746e-03 1.820678791962560272e-01 -4.347363575674809827e-03 -3.374347196676812620e-03 -2.024101053734557107e-03 7.386743201144887506e-03 -4.636035533384027206e-03
-2.979267177767703622e-03 -4.660191714866770106e-03 -4.660280193101807265e-03 -4.242081663635001963e-03 2.086313707745082388e-03 -4.581308597523303487e-03 -4.517770327531991058e-03 -4.267221268167379657e-03 -2.765103732976675107e-03 -4.655722638025471156e-03
-3.676289182113645464e-03 -4.660458867596107939e-03 -4.660067158128420456e-03 -4.452371210570080576e-03 -3.573862557907865438e-03 -4.634962295992653414e-03 -4.608100693024055200e-03 -4.459108103419462052e-03 -3.587528329875353146e-03 -4.655722638025471156e-03
-3.691759731332644370e-03 -4.660545627806920478e-03 -4.660197727950819019e-03 -4.519915447625872350e-03 -4.256768932877100405e-03 -4.646519499008227964e-03 -4.621423846125957864e-03 -4.524500624408420678e-03 -3.672601115913249215e-03 -4.655722638025471156e-03
-2.741776886926285475e-03 -4.659905663873909615e-03 -4.660163367471240221e-03 -4.076794709505389240e-03 7.523493394071829009e-03 -4.557933736217872379e-03 -4.415750865696478449e-03 -4.130637218615539237e-03 -2.547303679896718680e-03 -4.660644414185831710e-03
-3.750115824519059411e-03 -4.659907381898134235e-03 -4.660225216334482057e-03 -4.464307827261485700e-03 -2.880201828607827520e-03 -4.616012183332514167e-03 -4.528441757884638097e-03 -4.515487554941602540e-03 -3.626191806482844445e-03 -4.645879085704749181e-03
-1.944418094070915178e-03 -4.659500210214390613e-03 -4.660331733821175028e-03 -3.357333795840542010e-03 5.385135906454874971e-02 -4.439681752052067332e-03 -4.277763220490804832e-03 -3.411569975887926605e-03 -1.428172195263231921e-03 -4.660644414185831710e-03
-2.199756334005365660e-03 -4.659525980574320825e-03 -4.660393582684416863e-03 -3.581321038988274572e-03 4.366848860501592461e-02 -4.440260810707043725e-03 -4.282314864604533540e-03 -3.640524404526605806e-03 -1.695137252235588308e-03 -4.660644414185831710e-03
4.198552674463847112e-03 -4.660191714866770106e-03 -4.659634216085239283e-03 -2.874712369946532363e-03 6.927208140496793343e-02 -4.456896276858266469e-03 -3.588514378072919005e-03 -3.232327055756058307e-03 4.659544501212094236e-03 -4.636035533384027206e-03
-3.784568257641585890e-03 -4.659908240910001082e-03 -4.660156495375324462e-03 -4.462342996381494023e-03 -2.325730674809864049e-03 -4.602692620869589489e-03 -4.533067901540102120e-03 -4.508829771245478728e-03 -3.631103645118428404e-03 -4.645879085704749181e-03
-3.430200374095598685e-03 -4.660215767202474831e-03 -4.660187419806945813e-03 -4.514775222609714034e-03 -3.770978033942977252e-03 -4.630626157872361551e-03 -4.531978862060896500e-03 -4.591920358090222608e-03 -3.281942171365852430e-03 -4.645879085704749181e-03
3.460286250409706776e-03 -4.660409903912339849e-03 -4.660431379212444901e-03 -3.309980196006056998e-03 2.400818587632428877e-02 -4.556176135860325049e-03 -4.260801432241678038e-03 -3.370520610069963410e-03 3.229309006115242513e-03 -4.636035533384027206e-03
3.450146462084262202e-03 -4.660245832622229335e-03 -4.660218344238566297e-03 -1.821909725772945894e-03 5.367463401201582468e-02 -4.559503161416639076e-03 -4.112181793751596912e-03 -1.875396960610174399e-03 2.244005790023642730e-03 -4.640957309544388627e-03
6.806307234006533056e-03 -4.660318848641210356e-03 -4.658905773917190393e-03 -2.803887782142745234e-03 1.202000914981431745e-01 -4.329671263061347225e-03 -3.006557680008921114e-03 -3.817114847277396604e-03 8.561389029440757970e-03 -4.636035533384027206e-03
8.114555595680028165e-04 -4.660158213399058155e-03 -4.660293937293638784e-03 -2.755980561926702540e-03 3.303889181342174047e-02 -4.563226343043429688e-03 -4.237248011677951891e-03 -2.803636100284407056e-03 2.167319774133838809e-04 -4.640957309544388627e-03
-2.736229935484707238e-03 -4.660358363192972087e-03 -4.660589437418506502e-03 -4.484542961248649470e-03 -3.355636500649845748e-03 -4.624171365662943338e-03 -4.551718264704398761e-03 -4.522272395897250670e-03 -2.687037679383518819e-03 -4.645879085704749181e-03
5.675085522572126916e-03 -4.660339464929449428e-03 -4.660867757303585254e-03 -2.738776921454743728e-03 7.724127238665802475e-02 -4.450898995668054955e-03 -4.040990760376981378e-03 -2.787196387197652444e-03 5.542338749181098187e-03 -4.636035533384027206e-03
-3.430200374095598685e-03 -4.660309399509694923e-03 -4.660720007240905065e-03 -4.379254505461347216e-03 -1.447210117793511263e-03 -4.604438403158133374e-03 -4.573150091155518682e-03 -4.386052273659936385e-03 -3.290871706874677616e-03 -4.655722638025471156e-03
-3.946986870933496747e-03 -4.660065440104195836e-03 -4.660101518607999253e-03 -4.556209530668225809e-03 -4.254816596987025593e-03 -4.641518681398068905e-03 -4.560717191615744695e-03 -4.630293222376446853e-03 -3.860802006810066384e-03 -4.645879085704749181e-03
-3.622149644349675034e-03 -4.660378979480718498e-03 -4.660180547711030054e-03 -4.509282849323763102e-03 -3.912610343631628754e-03 -4.636320826761484992e-03 -4.590418669004679535e-03 -4.526559857622279061e-03 -3.591975691420404727e-03 -4.655722638025471156e-03
-2.578733098353157369e-03 -4.659563777101857068e-03 -4.659355896200160531e-03 -3.812271749387001994e-03 2.540208754099994304e-02 -4.486237524864896895e-03 -4.271546751946064639e-03 -3.906761672404837453e-03 -1.912942213707427563e-03 -4.660644414185831710e-03
-3.381547902892079183e-03 -4.660296514329730251e-03 -4.660610053706252913e-03 -4.373981432046158274e-03 -2.371589000631384170e-03 -4.621343147311349729e-03 -4.574479677037990993e-03 -4.383350360195138740e-03 -3.343983425842610765e-03 -4.655722638025471156e-03
-3.463205924449448431e-03 -4.660447700439876093e-03 -4.660314553581386063e-03 -4.323282361294171136e-03 -2.771034506716511542e-03 -4.633076888688177596e-03 -4.611469234477416634e-03 -4.326866014794129855e-03 -3.363063600280710459e-03 -4.655722638025471156e-03
-3.321921298567658259e-03 -4.660194291902861573e-03 -4.660620361850126986e-03 -4.346687362881049115e-03 -1.122151604073859561e-03 -4.605172911048627422e-03 -4.561787803348307455e-03 -4.361938230453998866e-03 -3.248487313869662888e-03 -4.655722638025471156e-03
-3.897769109329887304e-03 -4.659793992315525504e-03 -4.660060286032505564e-03 -4.468989621644741360e-03 -2.617558032379110541e-03 -4.608177091484485545e-03 -4.533482934204997351e-03 -4.517251536061042683e-03 -3.751016308074638962e-03 -4.655722638025471156e-03
-3.276034285451763506e-03 -4.659501069226749254e-03 -4.658490012113798186e-03 -3.883573815123025474e-03 2.144998450928168460e-02 -4.495266041715506415e-03 -4.432351102113546958e-03 -3.917865254244307441e-03 -2.697369811419217649e-03 -4.650800861865110603e-03
-3.694180506229858413e-03 -4.659744169619890568e-03 -4.659943460401445858e-03 -4.391998710919426015e-03 -5.102950094819925760e-04 -4.584607126006969707e-03 -4.492568642162725508e-03 -4.451070926235889749e-03 -3.479693396932710507e-03 -4.650800861865110603e-03
-3.430200374095598685e-03 -4.660412480948431316e-03 -4.660575693226674983e-03 -4.311655835010192242e-03 -3.557449021600152944e-03 -4.645086080453685040e-03 -4.615845542756140743e-03 -4.314543143668909779e-03 -3.517425918081773170e-03 -4.650800861865110603e-03
-3.499105240340652078e-03 -4.660031079624617038e-03 -4.659651396325028248e-03 -4.422178799437723185e-03 -3.494773528732949414e-03 -4.636581592650045221e-03 -4.483427878863206067e-03 -4.501082053977830885e-03 -3.454980756352308332e-03 -4.650800861865110603e-03
-4.065109498782159582e-03 -4.659787120219609745e-03 -4.660197727950819019e-03 -4.540370082226806263e-03 -3.949612573531853868e-03 -4.631548101567991085e-03 -4.552261587532268651e-03 -4.608499631902702315e-03 -3.962902985029714831e-03 -4.650800861865110603e-03
-2.270291265669394272e-03 -4.659511377370622459e-03 -4.659984692976940415e-03 -3.411036461114559399e-03 3.538277069695543869e-02 -4.502927167437181626e-03 -4.341440426873645168e-03 -3.452493408392522112e-03 -1.996172107672059253e-03 -4.660644414185831710e-03
3.706375058427753555e-03 -4.660427943163994793e-03 -4.660127003600886102e-03 -4.066817307682092826e-03 5.603028482665754068e-02 -4.157623980432895508e-03 -4.068567944734845405e-03 -4.706208723941712919e-03 6.227201495649293227e-03 -4.636035533384027206e-03
6.757768055529196193e-04 -4.660282770137899599e-03 -4.660644414185831710e-03 -3.716165642743071880e-03 9.799393893463797731e-03 -4.585291665164363713e-03 -4.333033131086287681e-03 -3.774805268153688057e-03 5.766364368410463546e-04 -4.640957309544388627e-03
-3.595506803649181973e-03 -4.660064581092328989e-03 -4.660307681485470303e-03 -4.396839180598085574e-03 -3.280354504579734848e-03 -4.634892544599612633e-03 -4.548474502473356593e-03 -4.421874415212564101e-03 -3.600627110600938471e-03 -4.645879085704749181e-03
-2.344867914499145292e-03 -4.660017335432785519e-03 -4.660317989629343509e-03 -3.921275402622965457e-03 8.420995468895233968e-03 -4.573563535344226522e-03 -4.426561635351031199e-03 -3.959308695169858235e-03 -2.241726836985039311e-03 -4.645879085704749181e-03
4.198552674463847112e-03 -4.660476047835896904e-03 -4.660434815260403214e-03 -3.178892756301729145e-03 1.702546093253122159e-02 -4.588611995164443291e-03 -4.327807686683849894e-03 -3.216758100567150211e-03 3.914938776777271597e-03 -4.636035533384027206e-03
-1.461489909951225758e-03 -4.660442546368184953e-03 -4.659929716209614339e-03 -3.593547576708940039e-03 -2.556417431101221192e-03 -4.650939077390170429e-03 -4.494459837806709553e-03 -3.606567401698935159e-03 -2.058505131969463539e-03 -4.640957309544388627e-03
-2.741151711645068226e-03 -4.658880862569618822e-03 -4.659641088181155043e-03 -3.451432409182629991e-03 4.483193377755997217e-02 -4.459198025586487077e-03 -4.314521572133314664e-03 -3.496692734961540008e-03 -2.310258280712781508e-03 -4.660644414185831710e-03
-3.231089224803742818e-03 -4.659934870281797273e-03 -4.660383274540542790e-03 -4.293307322449950968e-03 1.194030856346209443e-03 -4.582200386012693846e-03 -4.484920610855563927e-03 -4.338064685935693644e-03 -3.035142725464834261e-03 -4.660644414185831710e-03
-4.049710598740919459e-03 -4.659995001120813621e-03 -4.660108390703915013e-03 -4.559292084281512704e-03 -4.275058719138876903e-03 -4.641919965685653397e-03 -4.569776621242224550e-03 -4.615751881856353968e-03 -3.996732753968603932e-03 -4.645879085704749181e-03
4.932478853221752488e-03 -4.660389474496066595e-03 -4.660563201488081807e-03 -3.822310923460680090e-03 1.114847985875249727e-02 -4.567830549747012824e-03 -4.161301436755501619e-03 -3.987250304442676273e-03 4.894331290882787504e-03 -4.636035533384027206e-03
-2.854636160512711435e-03 -4.659265699941390546e-03 -4.659404000871570847e-03 -3.810429465986349927e-03 3.011079810434316370e-02 -4.459357366467462010e-03 -4.288536853025087109e-03 -3.896182895068194679e-03 -2.339592876657898331e-03 -4.660644414185831710e-03
-3.211305139189318293e-03 -4.659627343989323524e-03 -4.658342262051609790e-03 -3.701532798065685151e-03 2.261217788645474361e-02 -4.520691227957263601e-03 -4.479691392661075584e-03 -3.716623676831915229e-03 -2.467927678241525410e-03 -4.660644414185831710e-03
-2.290970876605672845e-03 -4.660257858790327161e-03 -4.660565385082801777e-03 -4.271532917578926662e-03 1.020750009348361667e-03 -4.588781845551457954e-03 -4.493652828282396552e-03 -4.309188060522062443e-03 -2.190437651783427083e-03 -4.650800861865110603e-03
8.135973602752592099e-03 -4.660299950377687697e-03 -4.660403890828290069e-03 -9.915864357330965526e-04 1.914513346614697686e-01 -4.397574364858746095e-03 -3.902087454224334191e-03 -1.070856435342971546e-03 7.867341802182833965e-03 -4.636035533384027206e-03
-2.519213239041266997e-03 -4.660265589898109767e-03 -4.659850687106583539e-03 -4.052325000201469768e-03 1.945745712262703054e-03 -4.607193591011372533e-03 -4.476645172498121272e-03 -4.080819621587311423e-03 -2.528519552447448804e-03 -4.650800861865110603e-03
